

1 2 3 4 5 7 10 15 16 24 26 27 33 36 39 41 42 44 46 50 65 75 76 79 83 84 116 129 151 162
1 2 3 4 5 7 8 9 10 13 14 15 16 18 20 21 23 24 26 27 30 33 36 39 41 42 44 45 46 47 49 50 54 55 57 62 65 66 67 68 71 72 75 76 79 80 83 84 85 87 88 89 91 92 94 97 104 106 107 116 117 122 125 129 138 139 140 145 147 151 161 162 166 172 183 187
1 2 3 4 5 7 8 9 10 13 14 15 16 17 18 20 21 23 24 25 26 27 28 29 32 33 36 37 39 41 42 43 44 45 46 49 50 52 54 55 57 62 63 64 65 66 67 68 69 70 71 72 75 76 78 79 80 84 87 88 89 90 91 93 94 96 97 101 102 103 104 106 111 113 114 116 118 119 121 122 123 125 129 137 138 139 145 151 162 166 172 187
6 8 12 15 19 31 58 79 151
1 2 3 4 5 7 10 11 15 16 17 18 20 21 24 25 26 27 28 29 32 33 34 35 36 39 41 42 44 45 46 47 48 50 54 55 59 60 61 62 65 69 70 71 72 75 76 78 79 80 84 89 94 95 97 101 104 106 116 119 125 129 145 147 151 162 183 190 191 192 193

1 2 3 4 5 7 8 9 10 13 15 16 18 21 24 26 27 33 36 39 41 42 44 46 47 50 65 68 75 76 79 80 84 89 106 116 129 145 147 151 162 166 172 183 187
1 2 3 4 5 7 8 9 10 13 15 16 24 26 27 33 36 39 41 42 44 45 46 50 53 54 55 65 66 68 70 72 75 76 78 79 80 84 89 104 106 108 115 116 117 118 119 127 128 129 131 134 143 146 149 151 160 162 163 166 168 172 175 181 187
1 2 3 4 5 7 8 9 10 13 15 16 17 18 20 21 24 25 26 27 28 29 30 32 33 36 39 41 42 44 45 46 47 49 50 54 55 62 64 65 66 68 70 71 72 75 76 78 79 80 83 84 87 89 92 97 101 104 106 107 115 116 117 119 120 123 124 125 129 130 131 133 136 137 139 142 145 146 147 148 149 151 152 153 154 157 159 161 162 164 165 166 167 170 172 173 174 175 177 178 179 180 181 183 184 186 187
1 2 3 4 5 7 8 9 10 13 15 16 18 20 21 24 26 27 32 33 36 38 39 41 42 44 46 47 49 50 54 55 57 62 65 68 70 71 72 75 76 78 79 80 83 84 87 88 89 90 91 92 97 101 104 106 107 116 117 118 119 122 123 124 125 129 130 137 138 142 145 146 147 151 161 162 166 167 172 173 175 178 179 183 186 187
8 9 15 79 92 115 117 124 130 146 151 166 173

1 2 3 4 5 7 8 9 10 13 14 15 16 18 20 21 23 24 26 27 30 33 36 39 41 42 44 46 47 49 50 52 54 55 62 65 68 70 71 72 75 76 78 79 80 83 84 85 87 89 90 91 92 94 96 104 106 111 114 116 118 119 125 129 139 140 145 147 151 158 162 166 172 175 182 183 187
1 2 3 4 5 7 8 9 10 13 15 16 18 20 21 24 26 27 32 33 36 39 41 42 44 45 46 47 49 50 52 54 55 57 62 65 66 67 68 69 71 72 73 74 75 76 78 79 80 81 83 84 87 88 89 90 91 93 96 97 102 103 104 105 106 109 110 111 112 113 114 116 118 119 121 122 125 129 138 139 144 145 147 151 162 166 172 176 183 187
1 2 3 4 5 7 8 9 10 13 15 16 18 20 24 26 27 32 33 36 39 41 42 44 45 46 49 50 54 55 57 62 65 66 68 70 71 72 75 76 78 79 80 83 84 87 88 89 90 91 97 104 106 116 118 122 125 129 138 140 151 158 162 166 172 178 182 187
16 79 84 151
2 10 15 21 39 69 79
1 2 3 4 5 7 8 9 10 15 16 18 24 26 33 36 39 42 44 46 50 68 75 76 79 84 89 106 116 125 129 145 151 162 166 172 187
1 2 3 4 5 7 8 9 10 13 15 16 18 20 21 24 26 30 33 36 39 42 44 46 47 50 54 55 62 64 65 68 69 70 71 72 75 76 79 80 84 89 104 106 116 117 119 125 145 147 151 162 166 172 178 183 187
7 20 79 84 151
1 2 3 4 5 7 8 9 10 11 13 14 15 16 17 18 20 21 22 23 24 25 26 27 28 29 32 33 34 35 36 39 40 41 42 43 44 45 46 47 48 49 50 51 52 54 55 56 57 59 60 61 62 65 66 67 68 69 70 71 72 75 76 77 78 79 80 82 83 84 86 87 88 89 90 91 92 93 94 95 96 97 98 99 100 101 103 104 106 107 111 113 114 115 116 117 118 119 121 122 123 125 126 129 137 138 139 140 141 145 146 147 151 155 156 158 161 162 166 172 175 176 178 182 183 187 190 194
2 79
1 2 3 4 5 7 8 9 10 13 15 16 24 26 33 36 39 42 44 45 46 50 54 55 62 65 66 68 70 71 72 75 76 79 84 89 106 107 116 117 119 125 146 151 152 166 172 187
1 7 15 16 18 20 21 47 79 84 94 132 147 150 151 171
1 2 3 4 5 7 8 9 10 13 15 16 18 20 21 24 26 27 32 33 36 39 41 42 44 46 47 50 54 55 65 68 69 70 72 75 76 79 80 83 84 89 104 106 116 125 129 145 147 151 162 166 172 183 187
1 2 3 4 5 7 8 9 10 13 14 15 16 17 18 20 21 23 24 25 26 27 28 29 32 33 34 36 38 39 41 42 44 45 46 47 50 52 54 55 56 57 62 64 65 66 68 69 70 71 72 75 76 78 79 80 83 84 85 87 88 89 91 92 94 96 97 101 104 106 107 111 114 116 117 118 119 122 123 125 129 135 138 139 145 146 147 151 161 162 166 172 178 183 187
1 2 3 4 5 7 10 15 16 18 24 26 27 33 36 38 39 41 42 44 46 50 65 75 76 79 80 83 84 89 106 116 129 145 151 162
1 2 3 4 5 7 8 9 10 12 13 15 16 17 18 19 22 24 25 26 27 28 29 33 36 39 41 42 44 45 46 50 51 54 55 56 57 58 62 64 65 66 68 70 71 72 75 76 79 83 84 88 89 97 104 106 107 116 117 119 122 125 138 139 145 146 151 161 162 166 172 178 187
1 2 3 4 5 7 10 15 16 18 20 21 26 33 36 39 42 44 46 47 50 55 65 72 75 76 79 84 89 94 106 116 147 151
1 2 3 4 5 7 8 9 10 13 15 16 17 18 20 21 24 25 26 27 28 29 32 33 36 38 39 41 42 44 45 46 47 49 50 53 54 55 56 57 62 64 65 66 68 69 70 71 72 75 76 78 79 80 83 84 87 88 89 90 91 92 94 97 101 104 106 107 115 116 117 118 119 120 122 123 124 125 129 130 131 132 133 137 138 139 142 145 146 147 149 150 151 154 157 159 161 162 166 167 168 171 172 173 175 177 178 180 181 183 184 186 187 188 194
1 2 3 4 5 7 10 15 16 18 21 24 26 27 30 33 36 39 41 42 44 46 47 49 50 65 70 75 76 78 79 80 83 84 87 89 90 91 94 104 106 116 118 129 145 147 151 162 183
1 2 3 4 5 7 8 9 10 13 15 16 18 20 21 24 26 27 33 36 38 39 41 42 44 46 47 50 54 55 62 65 68 70 71 72 75 76 79 80 83 84 89 94 104 106 116 119 125 129 145 147 151 162 166 172 175 183 187
1 2 4 5 7 10 15 16 18 24 26 30 33 36 39 41 42 44 46 47 50 52 65 67 75 76 79 84 91 93 96 102 103 111 113 114 116 121 125 145 151 183
1 2 3 4 5 7 8 9 10 13 15 16 18 21 24 26 33 36 39 41 42 44 46 50 65 68 75 76 79 84 89 94 116 117 145 147 151 162 166 172 187

1 2 3 4 5 7 8 9 10 13 15 16 18 21 24 26 27 32 33 36 39 41 42 44 46 47 50 65 68 69 75 76 79 80 83 84 89 106 116 129 145 147 151 162 166 172 183 186 187 194

1 2 3 4 5 7 8 9 10 13 14 15 16 17 18 20 21 22 23 24 25 26 27 28 29 32 33 36 39 41 42 43 44 45 46 47 50 54 55 56 57 62 64 65 66 68 69 70 71 72 75 76 78 79 80 83 84 87 88 89 91 92 97 101 104 106 107 111 114 115 116 117 118 119 121 122 124 125 129 135 137 138 139 145 146 147 151 152 161 162 166 167 172 173 175 178 183 186 187
1 2 3 4 5 6 7 8 9 10 12 13 14 15 16 17 18 19 20 21 23 24 25 26 27 28 29 30 31 32 33 36 38 39 41 42 44 45 46 47 49 50 52 54 55 56 57 58 65 66 68 69 71 72 75 76 79 80 82 83 84 85 87 88 89 91 92 94 96 97 104 106 107 114 116 117 122 125 129 130 137 138 139 140 145 146 147 151 162 166 167 169 172 185 187 188 189










1 2 3 4 5 6 7 8 9 10 12 14 15 16 18 19 23 24 26 27 31 33 36 39 41 42 44 46 47 50 58 65 68 75 76 79 80 83 84 89 106 116 129 139 151 162 166 172 185
