
1 2 33 5 7 8 10 11 17 23 25
178
1 11
1 3 185 108 240 19 22 89 61
1 2
38 40 22
1 2 17
1

186
1 61
148 92 13 157
88 129 13 134
89 92 157
88 89 129 13
88 89 134
13 148 89 92 157
1 185 43 49 89
2 55
17 2
225 147 164 54
80 70
109
1 2
37 7 17 22 23
2 7 10 17 22 23
1 129 8 22 88 25
23 7
2 7 10 17 22 23
37 7 17 22 23
2 7 10 17 22 23
37 7 17 22 23
2 7 10 46 17 22 23
2 35 132 37 7 10 17 22 23

2 37 7 10 17 22 23

2 7 10 17 22 23
205 6
32 2 226 37 7 71 236 17 22 23 90 94 63
1 129 8 13 88
2 7 10 17 22 23
1 129 6 8 10 19 21 173 194 205 207 208 209 210 211 212 213 214 215 88 216 217 218 219 220 221 222 224 120

7
2 7 10 17 22 23
1 141 22 25
2 6 7 10 173 205 17 21 23 88 120
1 34 129 6 8 10 114 21 88 120
2 132 37 7 10 17 22 23
2 37 7 10 17 22 23
1 129 8 10 141 18 22 88
151
1 42 22
1
2 19
1 2 22
65 1 2 68 162 226 71 135 236 45 82 116 149 90 94 63
33 2
1 2 131 10 108 180
44
38 22
1
102 7 10 17 23 27
4
96 97 98 195 36 100 101 136 139 140 172 174 143 175 177 181
58 5
108
52
11 85
59 5
58 61 5
60 5
57
64
185 43 81 22 89
128 99 163 227 73 138 238 15 50 152 91
2 75 15 50 83 20 22 183 152 91 93
128 138 15 145 150 152 156 163 166 169 50 179 183 69 83 89 91 95 99 227 112
228 197 230 168 73 105 203 77 238 15 50 91 127 31
2 138 15 31 39 167 168 50 69 197 73 203 204 77 89 91 95 228 229 230 105 238 239 118 127
192 193 2 34 75 47 20 22 190 191
69 95
128 138 15 145 152 156 31 163 166 169 50 179 183 69 73 83 89 91 95 99 227 238 112
12
228 69 73 105 138 77 238 15 50 183 152 91 31
12 15 152 155 31 167 168 50 183 69 197 73 77 83 95 228 105 118 127
12 15
128 166 199 73 105 169 204 77 15 152 31
228 197 168 73 105 203 77 127 118 31 95
69 73 105 77 127 118 31 95
128 12 15 145 152 31 167 50 183 69 73 77 83 91 93 95 228 105 238 112 127
69
228 69 229 230 73 105 203 77 127 118 31 95
189
56 49 2 43
171
33 2 22
62


129 2 87 24 89 88

24 2 10
129 2 87 24 89 88 125
129 2 87 24 89 88 124
64 1 2 162 226 71 135 236 17 116 151 28 61 94 63
104 22
1 161 231 104 10 142 18 22 29
113 234 117
89 185 241 30
51 22
201
130
66 188 84 22
187 84

123
196
232 106 110
111
67 165 232 233 106 176 184 159
170 66 123 22
182
86 146 22
66 122 84 22 154 188

1 3
2 3 153 72 237 16 53 121
74 19 22
160
2 72 237 121 223
2 3 72 202 108 14 206 121 158
1 2 28
202 206 158
72 26 19 22
1 2 3 7 72 237 16 17 23 121 223
107
90
82 236 71
45 71
65 71
149
68 71
236 71 63
1 2 17

89 185
41 2 55 39
137 36 198 76
2
144 44 78 200
41
9
48 22
17 2 5 22
1 161 131 6 10 108 18 180 22 29
6 103 10 22 126
1 2 34 194 133 6 103 10 19 115 22 29
1 161 10 79 18 29
11 119

















1 2 17
