
65

88

54


84
3 11 13 28 46 70 72 117 118 145 153 159 183 210 211 233 249 256 257 262 268 269 279 280 285 298 299 300 301 305 306 307 308 309 310
188
11 67 118
96
175
167
27 211 257


97 103
64
97 103

28

41 82
103
214
153
11 13 46 159 279 280 306
27
262
96 111
91
118 269
70
103 118
11 61 279
103
48
191
96 111

117
200

27
76
155
11 67 118

47 281
47 281 302
81 302
262 287

3 11 183 210 211 257
2 3 60
2 3 25 89 121
2 3 25 45 194 197 209
225
105
3 11 34 232 259 269

8 58

8 58 120
3 16 224 227

186
186
150


259

34 232 259
186

126


256

145 256
303
82 123

3 11 13 27 28 46 76 96 97 99 103 111 112 140 145 188 191 211 254 257 276 279 284

68 107 109 246

95
207 246
7
78 141 277
10 56
37 107 141 241 246 278
138 141 246
10 39 87

37 107
90 141 247
86 128 169

30
72 83 85 208 268
33

140 208
98
208

26 40 55 134 222
20 26 40 55 134 137 222 271
26 40 67 71 134 166 177 215 222 245 250 290
26 222 271
26 40 51 71 134 215 222

170
26 170 177 222 245 250 290 311

161 315
189 290 315
223 290 315
166 290 315
222 230
26 134 222
230
26 166 177 222 245 250 290
26 222
215
26 40 134 215 222
108 218 219 228 239 273 283

69 72 82 94 99 104 108 112 145 154 199 218 219 228 229 236 239 261 267 268 274 275 289 291
33 85 89 98 140
3 18 35 66 129 157 168 187

3 13 18 35 46 52 79 157 168 187 300
3 18 35 52 157 168 172 187
3 18 35 157 168 187
57 75 82 99 112 131 144 145 180 202 254 269 275 286 291
3 62
1 3 173 206
3 62 147 206
3
3 62 206 221

3 62
3
3 185

1 3

3 11 12 13 22 23 28 48 53 57 72 85 93 94 99 100 106 112 118 140 145 156 163 183 201 217 224 227 254 256 258 266 279
3 9 12 23 90 95 145 160 201 226 272 288 293 294 312
8 77 86 128 164 169 205



53
163
265
3 24
90 113 163 192 225 248

156
106 138 214 246
32 38 68 264
60 304
57 72 82 112 119 123 145 146 165 212 216 220 229 231 238 242 243 244 248 256 258 266 269 275 292
11 42 118 176 178 225 251 252 253
12
12
12 125
12 49 158
12 110
12 181
12 50 135 158
12 125
12 195


12 110 184
12 127
17 133
17 122
17

17 157
132
143
22 93
203 204
192

12 18 52 63
3 5 8 11 13 32 57 72 92 102 114 130 145 174 198 219 239 256 264 267
9 201 226 272 293 297 312 316

17 122 133 157 263
3 11 13 72 99 108 112 118 145 219 254 256 268 279
132 143 192 203 204 240
151 181 195 235

3 92 114 196 255

3 92 114 255
3 139
3 8 29 120
3 8 148
3 8 74 114
3 198 219 239
3 21
3 94 190 219 239 267
3 4 8 31 54 136
3 11 32 234 260 264 270 282
3 8 29 31

3 21 171 213
3 8 74 124
3 21
3 14 16 24 224 227

3
3 8 237

3 8 19 44 73 136 296


3 72 174 198 219 239 267
3 15 115 142 169
3 130
3 43 182
3 21 36 101
3 8 19 44 73 136 149 296
3 6 8 59 80 152 162 179 193 237 295 313 314
3 116
