1 3 4 8 9 10 12 14 16 18 22 38
1 3 4 7 8 10 12 18 22 28 38
3 8
3 5 8
5
1 4 7 8 10 28
8
1 3 4 8 9 10 16 17 18 22 26 31 38
4 8
1 3 4 5 7 8 9 10 12 13 18 22 26 28 29 38 40
1 3 4 7 8 10 12 18 22 28 38
1 2 4 5 7 8 9 10 11 15 16 17 20 25 26 28 29 31 39 47
1 3 4 5 7 8 9 10 12 14 18 22 37 38 40
1 3 4 5 7 8 9 10 12 14 18 22 38 40
3 5 8 9
1 3 4 5 7 8 9 10 12 14 16 18 22 28 38

1 3 4 5 6 8 9 10 12 13 16 18 22 28 38 40 42
8 12 14 39 43
1 3 4 5 7 8 9 10 12 14 16 18 22 28 37 38

1 3 4 5 6 7 8 10 12 18 22 38
4

9
27
11 15 20


19

4

5 8
1 3 4 7 8 10 12 18 22 28 38
1 4 7 8 10
1 3 4 7 8 10 12 18 22 28 38
5 6 8 10 28
1 3 4 5 7 8 9 10 12 18 22 26 29 38
3 8 16
1 2 4 5 7 8 10 11 15 16 20 26
3 5 8 9
1 3 4 5 7 8 9 10 12 14 16 18 22 28 38 40
1 3 4 5 7 8 9 10 12 18 22 26 31 38 40
17 39
30 32 33 34 35 36
12
24 39
25
12
23 30 32 33 34 35 36 45
21
12
1 3 4 5 7 8 9 10 12 16 18 22 28 38
1 3 4 7 8 10 12 14 18 22 28 38

3 8 9 16
1 3 4 5 7 8 9 10 12 18 22 26 29 38 40
1 2 4 5 7 8 9 10 11 15 16 17 20 26 28 29 31 39 47
8
3 5 8 9
1 3 4 5 7 8 9 10 12 13 16 18 22 28 38 40
1 3 4 5 7 8 9 10 12 14 16 18 22 28 38

8
1 3 4 5 7 8 9 10 12 13 18 22 26 28 29 38 40
1 3 4 7 8 10 12 18 22 28 38
1 3 4 5 7 8 9 10 12 13 18 22 28 38
1 3 4 6 8 10 12 18 22 28 38
1 3 4 5 7 8 9 10 12 13 16 18 22 28 38 40
8 14 39 41 43 44 46 48 49 50 51
8
1 3 4 5 7 8 10 12 14 18 22 28 37 38
1 3 4 5 7 8 9 10 12 18 22 28 38 40

3 5 8 9
8
3 8
1 3 4 7 8 10 12 18 22 28 38
1 3 4 5 7 8 9 10 12 13 18 22 28 38 40

3 5 8 9 26 29
2 5 8 11 15 16 17 20 39
1 3 4 5 7 8 9 10 12 18 22 26 31 38 40

1 3 4 5 6 7 8 9 10 12 16 18 22 28 38 40 42
1 3 4 7 8 10 12 18 22 28 38
1 3 4 8 9 10 16 18 22 38
14 39
5 8 9 26 31
22
1 3 4 5 7 8 9 10 12 13 18 22 26 29 38 40
1 3 4 5 7 8 9 10 12 13 14 18 22 26 29 37 38 40
14

1 3 4 5 7 8 9 10 12 13 14 18 22 38


1 3 4 5 7 8 9 10 12 13 16 18 22 26 29 38

1 3 4 5 7 8 9 10 12 13 16 18 22 38
3 5 8 9
1 3 4 7 8 9 10 12 16 18 22 28 38 42
1 4
5 8

1 3 4 5 6 8 9 10 12 18 22 38 40
1 3 4 5 7 8 9 10 12 13 18 22 28 38 40
1 3 4 5 7 8 9 10 12 18 22 38 40

1 3 4 5 7 8 9 10 12 18 22 28 38
1 3 4 7 8 10 12 18 22 28 38

1 3 4 5 7 8 9 10 12 17 18 22 24 38 40
1 3 4 5 7 8 9 10 12 18 22 26 31 38 40

1 3 4 5 7 8 9 10 12 13 16 18 22 26 28 29 31 38 40
1 3 4 5 6 8 9 10 12 16 18 22 28 38 42
1 3 4 5 7 8 9 10 12 18 22 38 40
1 3 4 5 7 8 10 12 18 22 28 38
1 3 4 6 8 10 12 18 22 28 38
1 3 4 7 8 9 10 12 14 16 18 22 28 38
1 3 4 5 7 8 9 10 12 13 16 18 22 26 28 29 31 38 40
1 3 4 5 7 8 9 10 12 13 18 22 26 28 29 38
1 3 4 5 6 8 9 10 12 16 18 22 28 38 40 42



1 3 4 5 7 8 9 10 12 13 18 22 26 28 29 38 40
1 3 4 5 6 8 9 10 12 18 22 38 40
1 3 4 6 8 10 12 18 22 28 38
1 3 4 5 6 8 9 10 12 13 18 22 28 38 40
1 3 4 5 6 7 8 9 10 12 18 22 37 38
1 3 4 5 7 8 9 10 12 13 18 22 26 29 31 38 40
1 3 4 7 8 10 12 18 22 28 38
1 3 4 5 7 8 9 10 12 13 14 18 22 38 40
3 4 8

1 3 4 5 7 8 9 10 12 18 22 28 38 40
1 3 4 5 6 7 8 9 10 12 13 14 16 18 22 26 27 28 29 38 39 40 42 46
1 3 4 7 8 10 12 18 22 28 38
1 3 4 5 7 8 9 10 12 18 22 28 38 40
8
1 3 4 5 7 8 9 10 12 18 22 38 40
1 3 4 5 7 8 9 10 12 18 22 38 40
