222 279 331 415 470
222 249 279 399 488
222 247 279 415 470 488
222 249 279 312 331 369 381 415 470 480

376
381
1 249 312 488
222 279 301 415 470 488
167 222 415 536

222 279 281 415 470 488
222 249 312 369 399 470
222 241 279 415 470 488

222 279 415 480
249 399
167 222 415 488
222 279 415 488
167 222 249 312 331 369 381 399 415 470 536
222 249 279 312 331 369 381 399 415 470 480
1 15 232 488
1 31 37 84 130 174 186 203 364 424 488 513
156 176 488
156 176 488


35 171 185 254 285 380 452 488 524 537 565 582
35 171 254 380 452 537
166 171 254 285 452 488 565
166 171 254 452
35 171 254 438 452

254
174 305 317 345 488 547 598 599
1 174 305 317 345 349 488 592

1 153 166 171 229 232 254 285 305 310 349 452 462 535 547 565 599
174 317 345 488
1 305 488
153 166 171 254 285 305 310 349 452 547 565 599
400
350
16 572
16 593

72 78 84 309 366 368 375 410 431 500
78 84 163 175 242 306 366 368 488
16 80 84 174 366 368 488 500
84 221 366 368 488
78 84 366 368 488
72 309 335 366 368 375
78 84 175 366 368

3 42 73
1 3 30 73 174
3 30 73
1 23 58 60 88 89 97 102 144 188 200 211 232 237 407 488
1 16 64 84 92 98 137 140 159 211 232 299 300 303 325 336 354 374 417 439 447 488



1 47 58 72 88 89 97 102 158 173 184 188 200 211 232 237 264 267 304 309 324 335 404 407 418 420 488 557 587








23 58 68 71 84 88 97 102 139 144 188 200 211 235 407 512 532
10 23 32 58 68 88 97 102 144 188 200 211 407
23 40 58 68 71 84 88 97 102 144 188 200 211 235 407 512
1 23 40 58 68 71 84 88 97 102 144 149 150 180 188 200 211 232 235 407 492 512 532 554 555 610
1 21 23 40 56 58 68 71 84 88 97 102 139 144 188 200 211 235 407 441 512 532

97 407

58 88 89 97 102 182 188 200 211 237 407 440


1 10 32 88 97 102 182 200 211 407 440
4 23 31 58 60 62 67 82 84 86 88 97 102 113 144 174 188 200 211 224 246 364 407 479
10 32 88 97 102 182 200 211 407 440


1 10 32 60 88 97 102 174 200 211 232 407
1 40 56 68 71 77 84 97 102 174 188 200 211 232 235 407 488 512 532

1 4 23 31 58 62 67 75 82 86 88 91 97 102 113 144 174 188 199 200 211 224 246 364 407 420 479 488
1 58 60 88 89 97 102 188 200 211 232 237 407
1 16 64 97 105 137 140 188 211 217 299 303 336 374 407 428 439 447 449
1 16 39 64 92 97 137 140 159 188 211 299 302 303 336 374 407 434 439 447
1 21 40 56 68 71 84 97 102 174 188 200 211 232 235 407 488 512 532
1 56 60 77 97 102 188 200 211 232 407
1 16 64 97 99 105 137 140 188 211 299 303 336 374 391 407 419 439 447

1 6 16 28 49 64 84 105 107 137 140 174 211 232 299 303 336 374 396 437 439 447 483 488 531 595
1 4 23 31 58 62 67 86 88 97 102 113 116 144 174 188 200 211 224 246 255 364 407 420 479 488
1 6 16 28 49 64 84 105 107 137 140 174 211 232 299 303 336 374 391 419 439 447 483 488 531 595

1 40 56 68 71 84 90 97 102 174 188 200 211 232 235 407 488 512 532
1 39 40 58 68 71 84 88 97 102 174 188 200 211 232 235 258 407 420 488 512 532
1 56 60 90 97 102 188 200 211 232 407
1 6 16 28 49 64 84 92 107 137 140 159 174 211 232 299 300 303 336 354 374 420 439 447 483 488 531 595
1 12 16 34 64 83 84 92 103 115 137 140 159 174 178 205 211 299 300 303 311 336 353 354 364 372 374 420 439 447 466 488
1 40 56 68 71 84 97 102 174 188 200 211 232 235 308 407 488 512 532
1 40 56 68 71 84 97 102 174 188 200 211 217 232 235 407 488 512 532
1 16 23 64 92 97 137 140 159 188 211 299 300 303 336 354 374 407 439 447

4 31 54 62 67 84 86 364 477
1 6 16 28 49 64 84 105 107 137 140 174 211 232 299 303 336 374 428 439 447 449 483 488 531 595
1 21 56 60 97 102 188 200 211 232 407
56 60 97 102 188 200 211 308 407
1 6 16 28 49 64 84 105 107 137 140 174 211 232 299 303 336 374 416 439 447 450 483 488 531 595
1 56 60 97 99 102 188 200 211 232 407
56 60 97 102 188 200 211 217 407
1 6 16 28 49 64 84 92 107 137 140 159 174 211 232 299 303 325 336 374 417 420 439 447 483 488 531 595
1 10 32 40 68 71 84 88 97 102 174 200 211 232 235 407 488 512 532
1 39 58 60 88 97 102 188 200 211 232 258 407
1 6 16 28 49 64 84 92 107 137 140 159 174 211 232 299 302 303 336 374 420 434 439 447 483 488 531 595
1 16 64 89 92 97 137 140 159 188 211 299 303 325 336 374 407 417 439 447
1 40 56 68 71 84 97 99 102 174 188 200 211 232 235 407 488 512 532
1 40 58 68 71 84 88 89 97 102 174 188 200 211 232 235 237 407 488 512 532
1 16 64 77 97 105 137 140 188 211 299 303 336 374 396 407 437 439 447

1 6 16 28 49 64 84 105 107 137 140 174 211 232 299 303 336 374 385 421 439 447 483 488 531 595
1 23 58 60 88 97 102 144 188 200 211 232 407
1 16 64 97 137 140 188 211 299 303 308 336 374 407 416 439 447 450
1 6 16 28 49 64 84 105 107 137 140 174 211 232 299 303 336 374 387 422 439 447 483 488 531 595

1 16 64 90 97 105 137 140 188 211 299 303 336 374 387 407 422 439 447
1 16 21 64 97 105 137 140 188 211 299 303 336 374 385 407 421 439 447

1 23 40 58 68 71 84 88 97 102 144 174 188 200 211 232 235 407 488 512 532
1 12 16 20 34 64 83 84 92 103 115 137 140 154 159 174 205 211 299 300 303 311 336 353 354 364 374 420 439 447 466 488



1 56 97 99 102 174 188 200 211 232 397 407
16 64 137 299 303 439 447 488

242 346 573
242 289 409 488
1 41 43 55 84 109 147 192 198 211 229 232 238 271 318 323 328 347 348 420 427 453 462 488 496 519 597
1 55 211 232 239 318 347 348 388 453 496 519 597
328 488 519
76 211 544
242 295 346 488
14 17 22 29 31 37 84 248 278
14 17 22 31 37 84 104 211 236 242 248 278 318 367 394 409 420 457 464 474 488 504 560
242 329 488
242 409 603

4 55 76 148 211 236 242 318 328 329 347 348 394 409 414 442 453 519 538 541 544 559 564 570 574 597
84 94 108 211 218 236 242 252 289 318 329 394 409 453 541 549 559 564 602
1 31 84 94 108 211 236 242 252 274 318 329 394 409 420 453 488 541 549 559 564 602

1 55 66 76 117 211 232 236 242 318 328 347 348 394 409 414 453 519 538 541 544 559 564 597
1 94 174 211 236 242 252 275 318 329 394 409 453 541 549 559 564 602
1 2 17 31 174 211 232 236 242 318 394 409 420 425 453 488 559 564
84 94 108 191 195 211 236 242 252 272 318 329 394 405 409 453 460 534 541 549 551 559 564 602
55 76 94 108 148 204 211 236 242 252 318 328 329 347 348 393 394 395 409 414 442 448 453 519 538 541 544 549 559 564 570 574 597 602
263 435
3 51 73 287
1 84 488
162 488
242
1 64 174 439
1 43 84 85 231 264 267 420 488
174 263
371 488
16 84 488 528 606 607

147 271
211 360 420 488 514
52 283

225 371
1 488
1 232 337
31 84 123 151 152 192 194 253 282 335 364 477
72 85 192 231 238 443
1 41 43 72 84 85 109 119 147 192 198 231 232 238 271 427 488
74 174 488
123 192 253 335 395
1 16 48 128 138 251 478 488
72 84 85 192 231 238

84 233 488
14 17 31 37 84 93 111 364 488
3 12 16 20 29 34 73 83 84 103 263 364 435 488 545 594 596
4 14 31 62 84 86 208 364 420 475 488

18 31 57 84 364 488
1 9 14 17 29 31 37 84 101 316 364 488
31 84 93 111 364 488
14 17 31 37 84 130 186 364 488
52 95 283 364 488
11 14 17 29 31 37 45 57 84 101 124 364 488

1 17 37 174 229 232 378 451 488 523 601
4 11 14 16 17 18 29 31 45 57 84 93 101 111 141 364 477
14 31 84 101 364 488
14 31 84 141 176 420 488
3 12 16 34 73 83 103 364 488 596
1 27 37 52 95 207 229 283 378 446 451 458 459 527 590
17 176 210 420 488
3 12 16 20 34 73 84 435 488
3 12 16 20 34 51 73 83 84 103 234 364 488 594 596
3 12 16 20 25 34 51 73 83 84 103 364 488
31 84 152 364 477
4 14 17 31 37 62 84 86 208 364 420 430 477 488 521
3 12 25 51 73 84 234 287 488
3 5 12 16 20 34 73 83 84 103 263 364 435 488 545 594 596
31 84 186 364 420 488
1 37 174 229 232 269 378 451 488 499 523 556 601
16 17 31 37 84 201 207 211 307 314 322 359 392 420 488 569
1 3 4 9 12 14 16 29 31 34 62 73 84 86 101 316 364 420 488
31 57 84 364 488
4 14 17 29 31 84 93 111 141 176 364 488 521 576
1 16 17 31 33 37 84 93 111 190 211 307 314 322 359 364 392 420 471 488 502 569


1 4 9 14 29 31 84 101 364 568
4 14 17 31 37 62 84 86 364 420 477 488 521

26 31 84 364
4 14 17 29 31 52 84 93 95 111 141 176 283 364 477 488 576

1 4 17 37 207 269 378 451 458 459 590

1 27 37 52 95 174 229 232 283 378 451 488 523 556 601
444 461 488
4 31 62 84 86 364 420 488
31 45 84 364 488
14 17 29 31 84 93 111 141 176 364 475 477 488 521 576
17 176 210 420 488

1 38 129 229 232 259 488 496
1 38 66 170 229 232 259 488 496
160 259 488
1 38 66 229 232 259 488 496


158 404 420 488 505
445 488
455 488
488 501
158 404 488
488
404
445 488
488 575
370 488
445 488
420 488 505

1 13 84 101 211 232 242 276 319 330 344 358 364 386 420 472 473 481 482 488




1 4 31 62 84 86 93 101 111 174 202 211 232 242 276 295 319 330 344 346 358 364 386 420 472 473 481 482 488 526 541 584
1 4 31 62 84 86 101 174 202 211 232 242 276 295 319 330 344 346 358 364 386 420 472 473 481 482 488 526 541 583
490
1 4 31 62 84 86 101 130 174 186 202 211 232 242 276 295 319 330 344 346 358 364 386 420 472 473 481 482 488 526 541 586


1 4 11 14 29 31 45 62 84 86 101 242 276 319 330 358 364 386 420 473 481 482 488

1 4 9 17 31 62 84 86 101 174 202 211 232 242 276 295 316 319 330 344 346 358 364 386 420 472 473 481 482 488 526 541 585
1 4 13 17 31 62 84 86 101 174 211 232 242 276 295 319 330 344 346 358 364 386 420 472 473 481 482 488 526
1 4 6 13 14 31 62 84 86 101 168 211 242 276 295 298 319 330 344 346 358 364 377 386 472 473 481 482 526


1 13 70 84 101 211 232 242 260 276 319 330 333 344 358 364 386 406 454 472 473 481 482 485 487 488 506 529 548
485
13 54 84 101 211 242 276 319 330 344 358 364 386 423 432 454 472 473 481 482 485 487 506 529 548
13 54 84 101 211 242 276 319 330 344 358 364 386 390 432 454 472 473 481 482 485 487 506 529 548
1 13 84 101 136 153 211 242 256 276 319 330 341 344 358 364 386 408 420 454 472 473 481 482 485 487 488 506 515 529 548
75 91 199 364 488
75 364

174 286 313 343 488
174 220 240 286 313 326 343
220 313 343 488
313 326 343 488
240 313 343 488

4 14 31 72 84 183 192 231 238 364 488
1 4 72 114 183 192 231 238 364 488
31 84 151 194 364
1 4 106 114 297 364 469 488
1 4 14 72 79 114 183 192 231 238 242 364 488 510
1 106 138 469 478 488
41 43 47 72 84 109 192 238 264 267 309 335

41 43 47 72 84 109 192 238 309 335
106 206 469
16 48 84 488
196 488
44 47 72 85 192 231 238 309 335 488
1 8 14 16 31 44 47 48 61 72 84 85 120 181 192 231 238 309 335 364 488
1 4 8 14 16 31 48 84 135 161 174 242 266 292 364 488
47 84 181 238 273 488
1 16 61 488
106 110 469 488
84 128 591
1 19 63 488
14 17 31 62 72 84 85 86 93 111 126 179 192 231 238 273 309 335 364 420 488
4 7 31 63 84 86 114 126 179 364 488
4 14 17 31 41 43 62 72 84 86 93 111 126 152 179 183 192 231 238 282 342 364 488

41 43 47 72 84 109 192 238 309 335
41 43 47 72 84 109 122 132 147 174 192 198 231 238 264 267 270 273 296 309 335 427 488
1 84 231 335
1 72 84 122 174 227 231 261 309 335
192 231 253 335 488 575
72 122 132 192 227 261 309 335
1 84 227 231 261 309 335
1 16 84 192 231 238 335
1 84 231 270 296
72 85 192 216 231 238 293 552
1 84 132 192 231 238 261 309 335
123 488 575
1 72 84 192 231 238 294 309 335
1 16 72 84 192 231 238 294 309 335
1 84 231 261 309 335
1 84 231 309 335
213
1 84 231 267
1 16 41 84 135 147 169 198 271 293 327 332 338 355 356 411 412 426 427 488 528 607
1 16 41 54 65 84 100 134 135 142 147 157 198 231 271 280 293 365 427 488 528 607
41 84 147 169 198 271 293 327 332 338 355 356 411 412 426 427 476
1 84 231 264
1 41 43 72 84 109 122 132 174 192 225 231 238 264 267 270 273 296 309 335 371
1 14 16 53 123 141 176 192 238 264 267 270 273 296 335 488
47 72 84 177 192 213 231 238 264 267 270 273 296 309 335 488
47 72 84 192 213 231 238 264 267 270 273 296 309 335 488
41 43 47 72 84 109 122 132 147 174 192 198 231 238 264 267 270 273 288 296 309 335 427 488
1 41 43 72 84 109 122 132 174 192 231 238 264 267 270 273 296 309 335 371
1 14 16 53 123 141 176 192 212 238 264 267 270 273 296 335 488

1 16 84 174 231 243
1 16 84 231 238
1 84 231 273
1 84 231 296
47 72 84 135 165 192 213 238 264 267 273 296 309 335 340


1 41 43 72 84 85 109 128 147 192 198 231 238 243 264 267 270 273 296 427 488
1 71 84 87 211 232 235 488 495 496
1 71 84 139 174 211 232 235 420 488 496
1 71 84 139 211 232 235 268 488 496
1 71 84 211 232 235 379 496
3 30 49 73 84 211 488

1 6 28 40 71 84 174 211 232 235 384 484 488 496
1 71 84 211 232 235 441 488 496
1 71 84 112 211 232 235 488 495 496
1 71 84 139 211 232 235 488 496
1 6 28 71 84 174 211 229 232 235 362 402 403 420 441 468 488 494 496 502
1 71 84 139 211 232 235 488 496
1 71 84 209 211 232 235 488 495 496
54 71 84 155 211 214 235 488 525
1 6 28 71 84 211 232 235 384 484 496
1 6 16 28 54 84 174 232 483 488 571
6 28 433 483
1 6 28 232 383
1 6 28 153 168 232 244 298 363 488 496
1 24 54 84 174 232 489
6 488
16 54 84 142 280 488
16 81 219 228 339 488
1 16 36 125 164 232 284 488
1 16 65 84 146 232 291 488
1 133 232 352 389 520
1 16 54 84 142 232 265 280 488 528 578 607
1 16 36 164 232 488
16 54 84 142 143 488
16 54 59 84 118 142 361 488
3 16 30 54 73 84 145 488
1 16 65 232 488
16 81 228 488
16 54 59 84 118 142 488
1 16 50 84 174 232 488
1 6 28 54 84 131 232 483 488
16 54 59 84 142 488
1 6 28 66 174 229 232 315 362 382 402 403 429 436 455 456 462 463 467 468 488 491 494 496 499 516 518 523 543 550 556 558 575 577 588 589 600 601 604 605
1 509 566
1 6 174 232 260 333 488
16 323 488
1 323 561 562 563 567 579 581
1 6 191 195 229 351 362 488
6 28 502
1 6 28 174 467 468 494 495 496 497 498 507 508 511 516 517 518 522 530 533 539 540 542 543 546 550 558
1 6 191 357 488
1 6 28 174 191 230 317 357 488
1 6 153 256 488
1 3 6 30 66 73 232


1 54 71 84 121 174 211 226 242 250 277 290 321 334 465 493 553 608 609
16 54 84 142 488
6 28 84 146 488
54 84
16 65 488 528 607
1 71 84 189 211 232 277 488 496
1 71 84 189 211 223 232 277 488 496
1 71 84 189 211 232 245 277 468 488 496 518
1 71 84 174 193 211 232 277 488 496
96 242 262 290 321 334
11 29 31 45 54 84 121 174 215 242 290 321 334 364 465
1 242 290 321 334 468 516 550
1 174 242 290 321 334 558
1 187 242 290 321 334 468 516 550
242 334 494
242 321
1 174 187 242 290 321 334 558

1 96 174 242 262 290 321 334 558
1 54 71 84 153 187 211 226 232 242 277 290 321 334 420 488 496 505 609



1 4 11 14 29 31 45 72 84 124 172 174 183 192 231 238 364 373 398
16 127 174 197 242 266 292 488 580


1 11 14 29 31 45 84 124 172 174 242 257 364 398 486 488
1 16 46 47 48 71 72 84 135 192 211 226 242 264 267 277 290 309 321 334 335 401 413 488 609
1 127
1 4 11 14 29 31 45 69 72 84 124 172 174 183 192 231 238 242 257 320 364 398 420 486 488
16 135 161 174 242 266 292 488
71 84 135 189 211 223 235 277 441 503
