

236


336

1
283


267

230


352
161
266
1

1 15 221
1 31 83 194 372 436
152 169
152 169


35
35
270

35

242
1 167 296 316 460 505
1 167 296 316 320 499

1 221
1 167 296 316
1
1
353
321
16 481
16 500

72 83
78 83 159 168 287
1 83
83 211
78 83
72
83 168

3 42 73
1 3 30 73
3 30 73
1 23 58 60 87 88 96 101 141 180 191 201 221 226 360
1 16 64 83 91 97 134 137 155 201 221 281 282 285 303 311 324 335 366 381 388



1 58 72 87 88 96 101 154 166 177 180 191 201 221 226 286 302 357 360 367 369 469 494








1 23 58 68 71 83 87 96 101 136 141 180 191 201 224 360 435 449
1 10 23 32 58 68 87 96 101 141 180 191 201 360
1 23 40 58 68 71 83 87 96 101 141 180 191 201 224 360 435
1 23 40 58 68 71 83 87 96 101 141 146 147 173 180 191 201 221 224 360 418 435 449 466 467 515
1 21 23 40 56 58 68 71 83 87 96 101 136 141 180 191 201 224 360 383 435 449

96 360

1 58 87 88 96 101 175 180 191 201 226 360 382


1 10 32 87 96 101 175 191 201 360 382
1 23 31 58 60 62 67 81 83 87 96 101 112 141 180 191 201 213 235 360 410
1 10 32 87 96 101 175 191 201 360 382


1 10 32 60 87 96 101 191 201 221 360
1 40 56 68 71 77 83 96 101 167 180 191 201 221 224 360 435 449

1 23 31 58 62 67 75 81 87 90 96 101 112 141 167 180 190 191 201 213 235 360 369 410
1 58 60 87 88 96 101 180 191 201 221 226 360
1 16 64 96 104 134 137 180 207 281 285 311 335 360 373 381 388 390
1 16 39 64 91 96 134 137 155 180 281 284 285 311 335 360 377 381 388
1 21 40 56 68 71 83 96 101 167 180 191 201 221 224 360 435 449
1 56 60 77 96 101 180 191 201 221 360
1 16 64 96 98 104 134 137 180 281 285 311 335 346 360 368 381 388

1 6 16 28 49 64 83 104 106 134 137 167 201 221 281 285 311 335 350 380 381 388 411 448 502
1 23 31 58 62 67 87 96 101 112 115 141 167 180 191 201 213 235 243 360 369 410
1 6 16 28 49 64 83 104 106 134 137 167 201 221 281 285 311 335 346 368 381 388 411 448 502

1 40 56 68 71 83 89 96 101 167 180 191 201 221 224 360 435 449
1 39 40 58 68 71 83 87 96 101 167 180 191 201 221 224 246 360 369 435 449
1 56 60 89 96 101 180 191 201 221 360
1 6 16 28 49 64 83 91 106 134 137 155 167 201 221 281 282 285 311 324 335 369 381 388 411 448 502
1 12 16 34 64 82 83 91 102 114 134 137 155 167 171 196 201 281 282 285 291 311 323 324 334 335 369 381 388 403
1 40 56 68 71 83 96 101 167 180 191 201 221 224 289 360 435 449
1 40 56 68 71 83 96 101 167 180 191 201 207 221 224 360 435 449
1 16 23 64 91 96 134 137 155 180 281 282 285 311 324 335 360 381 388

1 31 54 62 67 83
1 6 16 28 49 64 83 104 106 134 137 167 201 221 281 285 311 335 373 381 388 390 411 448 502
1 21 56 60 96 101 180 191 201 221 360
1 56 60 96 101 180 191 201 289 360
1 6 16 28 49 64 83 104 106 134 137 167 201 221 281 285 311 335 365 381 388 391 411 448 502
1 56 60 96 98 101 180 191 201 221 360
1 56 60 96 101 180 191 201 207 360
1 6 16 28 49 64 83 91 106 134 137 155 167 201 221 281 285 303 311 335 366 369 381 388 411 448 502
1 10 32 40 68 71 83 87 96 101 167 191 201 221 224 360 435 449
1 39 58 60 87 96 101 180 191 201 221 246 360
1 6 16 28 49 64 83 91 106 134 137 155 167 201 221 281 284 285 311 335 369 377 381 388 411 448 502
1 16 64 88 91 96 134 137 155 180 281 285 303 311 335 360 366 381 388
1 40 56 68 71 83 96 98 101 167 180 191 201 221 224 360 435 449
1 40 58 68 71 83 87 88 96 101 167 180 191 201 221 224 226 360 435 449
1 16 64 77 96 104 134 137 180 281 285 311 335 350 360 380 381 388

1 6 16 28 49 64 83 104 106 134 137 167 201 221 281 285 311 335 343 370 381 388 411 448 502
1 23 58 60 87 96 101 141 180 191 201 221 360
1 16 64 96 134 137 180 281 285 289 311 335 360 365 381 388 391
1 6 16 28 49 64 83 104 106 134 137 167 201 221 281 285 311 335 344 371 381 388 411 448 502

1 16 64 89 96 104 134 137 180 281 285 311 335 344 360 371 381 388
1 16 21 64 96 104 134 137 180 281 285 311 335 343 360 370 381 388

1 23 40 58 68 71 83 87 96 101 141 167 180 191 201 221 224 360 435 449
1 12 16 20 34 64 82 83 91 102 114 134 137 150 155 167 196 201 281 282 285 291 311 323 324 335 369 381 388 403



1 56 96 98 101 167 180 191 201 221 351 360
16 64 134 281 285 388

317 482
273
1 55 83 108 144 201 221 227 297 301 305 318 319 369 422 442 504
1 55 201 221 228 297 318 319 345 422 442 504
305 442
76 457
278 317
14 17 22 29 31 83 237 265
14 17 22 31 83 103 225 237 265 331 369 395 401 407 429 471
306
362 509

1 4 55 76 145 225 305 306 318 319 362 364 384 442 452 457 479 483 504
83 93 107 208 225 240 273 306 362 461 508
1 83 93 107 225 240 261 297 306 362 369 461 508

1 55 66 76 116 221 225 305 318 319 364 442 452 457 504
1 11 83 221 225
1 93 225 240 262 297 306 362 461 508
1 2 17 221 225 297 369
1 83 93 107 183 186 225 240 259 306 358 362 398 451 461 463 508
55 76 93 107 145 195 201 225 240 297 305 306 318 319 348 349 362 364 384 389 442 452 457 461 479 483 504 508
251 378
3 51 73 272
1 83
158
231
1 64 381
1 43 83 84 369
167 251
333
1 16 83 512

144
201 328 369 437
52 268

214 333
1
1 221
83 122
72 84 227
1 72 83 84 108 118 144 221 227
74
122
1 48 127 135 239 409
72 83 84 227

83 222
14 17 37 83 92 110
3 12 16 20 29 34 73 82 83 102 251 378 458 501 503
1 4 31 62 83 85 198 369

1 18 57 83
1 9 14 17 29 37 83 100 295
83 92 110
14 17 37 83 129 178
52 94 268
1 11 14 17 29 37 57 83 100 123

1 17 37 167 218 221 338 392 444 507
1 4 11 14 16 17 18 29 57 83 92 100 138
14 31 83 100
14 83 138 169 369
3 12 16 34 73 82 102 503
1 27 37 52 94 197 218 268 338 387 392 396 397 446 497
17 169 200 369
3 12 16 20 34 73 83 378
3 12 16 20 34 51 73 82 83 102 223 501 503
3 12 16 20 25 34 51 73 82 83 102
83
1 4 14 17 31 37 62 83 198 369 375
3 12 25 51 73 83 223 272
1 3 5 12 16 20 34 73 82 83 102 251 378 458 501 503
83 178 369
1 37 167 218 221 257 338 392 425 444 468 507
16 17 37 83 192 197 288 293 300 327 347 369 478
1 3 9 12 14 16 29 31 34 62 73 83 100 295 369
57 83
1 4 14 17 29 83 92 110 138 169 485
1 16 17 33 83 92 110 182 288 293 300 327 347 369 406 427 478


1 9 14 29 31 83 100 477
1 4 14 17 31 37 62 83 369

1 26 83
1 4 14 17 29 52 83 92 94 110 138 169 268 485

1 17 37 197 257 338 392 396 397 497

1 27 37 52 94 167 218 221 268 338 392 444 468 507
385 399
1 4 62 83 85 369
45 83
14 17 29 31 83 92 110 138 169 485
17 169 200 369

1 38 128 218 221 247 422
1 38 66 164 218 221 247 422
156 247
1 38 66 218 221 247 422


154 357 369 430
386
393
426
154 357

357
386
484
332
386
369 430

1 13 83 100 221 307 315 369




1 4 62 83 92 100 110 167 193 221 307 315 369 491
1 4 62 83 100 167 193 221 307 315 369 490
416
1 4 62 83 100 129 167 193 221 307 315 369 493


1 4 11 14 29 62 83 100 263 307 326 369

1 4 9 17 62 83 100 193 221 295 307 315 369 492
1 4 13 17 62 83 100 221 307 315 369
1 6 13 14 28 62 83 100 162 280 315 337


1 13 70 83 100 221 308 359
413
1 13 83 100
1 13 83 100
1 13 83 100 133 244 312 361 369 438
75 90 190
75

271 292 314
210 229 271 292 304 314
210 292 314
292 304 314
229 292 314

1 4 14 72 83 176 227
1 4 72 113 176 227
83 148
1 4 105 113 279
1 4 14 72 79 113 176 227
1 105 135
72 83 108 227

72 83 108 227
105
16 48 83
187
1 44 72 84 227
1 8 14 16 44 48 61 72 83 84 119 174 227
1 4 8 14 16 83 157
83 174 227
1 61
105 109
83 127 498
1 19 63
1 14 17 31 62 72 83 84 85 92 125 172 227 290 369
1 4 7 31 63 83 85 113 125 172
1 14 17 31 62 72 83 92 125 172 176 227 313

1 72 83 108 227
1 72 83 108 121 227
1 83 220 310
1 72 83 121 216 220 249 310
184 220 241 310 484
72 121 131 216 249 310
1 83 216 220 249 310
1 83 184 220 227 310
1 83 220 258
72 84 206 227 464
1 83 131 220 227 249 310
122 484
1 72 83 220 227 277 310
1 72 83 220 227 277 310
1 83 220 249 310
1 83 220 290 310
203
1 83 220 255
1 16 41 83 144 163 189 276
1 83 99 144 153
1 41 83 144 276 408
1 83 220 252
1 72 83 108 121 214 227 333
1 14 16 53 122 138 169 184 227 258
1 47 72 83 170 220 227 258
1 47 72 83 220 227 258
1 72 83 108 121 227
1 72 83 108 121 227 333
1 14 16 53 122 138 169 184 202 227 258

1 83 220 232
1 83 220 227
1 83 220 260
1 83 220
1 72 83 227


1 41 72 83 84 108 127 227
1 71 83 86 221 224 421 422
1 71 83 136 221 224 369 422
1 71 83 136 221 224 256 422
1 71 83 221 224 339 422
3 30 49 73 83 201

1 6 28 40 71 83 221 224 342 412 422
1 71 83 221 224 383 422
1 71 83 111 221 224 421 422
1 71 83 136 221 224 422
1 6 28 71 83 218 221 224 355 356 369 383 405 420 422 427
1 71 83 136 221 224 422
1 71 83 199 221 224 421 422
54 71 83 151 204 224 445
1 6 28 71 83 221 224 342 412 422
1 6 16 28 54 83 167 221 411 480
6 28 376
1 6 28 221 341
1 6 28 149 162 221 233 280 330 422
1 24 54 83 167 221 415
1 6
16 54 83 139
16 80 209 217
1 16 36 124 160 221 269
1 16 83 143 221 275
1 221
1 16 83 221 253 487
1 16 36 160 221
16 54 83 139 140
16 59 83 117 329
3 16 30 54 73 83 142
1 16 221
16 80 217
16 59 83 117 139
1 16 50 83 221
1 6 28 54 83 130 221 411
16 59 83 139
1 6 28 66 218 221 294 340 355 356 374 379 393 394 400 404 405 417 420 422 425 439 441 444 456 462 468 470 484 486 495 496 506 507 510 511
1 433 475
1 6 28 221 248 308
16 301
1 301 472 473 474 476 488 489
1 6 28 183 186 322
6 28 427
1 6 28 404 405 420 421 422 423 424 431 432 434 439 440 441 443 447 450 453 454 455 456 459 462 470
1 6 28 183 325
1 6 28 167 183 219 296 325
1 6 28 149 244
1 3 6 28 30 66 73 221


1 54 71 83 120 215 238 264 274 299 309 402 419 465 513 514
16 54 83 139
6 28 83 143
1 54 83
16 65
1 71 83 181 221 264 422
1 71 83 181 201 212 221 264 422
1 71 83 181 221 234 264 405 422 441
1 71 83 185 221 264 422
95 250 274 299 309
1 11 83 120 205 274 299 309 402
1 274 299 309 405 439 462
1 274 299 309 470
1 179 274 299 309 405 439 462
309
299
1 179 274 299 309 470

1 95 250 274 299 309 470
1 54 71 83 179 215 221 264 274 299 309 369 422 430 514



1 11 14 31 72 83 123 165 167 176 227
188 254


1 11 14 31 83 123 165 167 245 414
1 46 47 71 72 83 132 215 264 274 299 309 354 363 514
1 126
1 11 14 31 69 72 83 123 165 167 176 227 245 298 369 414
157 254
71 83 132 181 201 212 224 264 383 428
