
1 2 5 7 8 10 11 17 23 25 33
174
1 11
1 3 19 22 61 89 107 181 235
1 2
22 38 40
1 2 17
1

182
1 61
13 92 146 154
13 88 128 133
89 92 154
13 88 89 128
88 89 133
13 89 92 146 154
1 43 49 89 181
55
2 17
54 145 160 222
70 80
108
1 2
7 17 23 37
2 7 10 17 23
1 8 22 25 88 128
7 23
2 7 10 17 23
7 17 23 37
2 7 10 17 23
7 17 23 37
2 7 10 17 23 46
2 7 10 17 23 35 37 131

2 7 10 17 23 37

2 7 10 17 23
6 202
2 7 17 23 32 37 63 71 90 94 223 232
1 8 13 88 128
2 7 10 17 23
1 6 8 10 19 21 88 119 128 169 190 202 204 205 206 207 208 209 210 211 212 213 214 215 216 217 218 219 221

7
2 7 10 17 23
1 22 25 139
2 6 7 10 17 21 23 88 119 169 202
1 6 8 10 21 34 88 113 119 128
2 7 10 17 23 37 131
2 7 10 17 23 37
1 8 10 18 22 88 128 139
148
1 22 42
1
2 19
1 2 22
1 2 45 63 65 68 71 82 90 94 115 134 147 159 223 232
2 33
1 2 10 107 130 176
44
22 38
1
7 10 17 23 27 101
4
36 96 97 98 99 100 135 137 138 141 168 170 171 173 177 191
5 58
107
52
11 85
5 59
5 58 61
5 60
57
64
22 43 81 89 181

2 15 20 22 50 75 83 93 179
15 69 83 89 91 95 111 127 143 149 153 162 165 175 179
15 31 50 77 104 126 164 193 200 224 226
15 31 50 69 73 77 89 91 95 104 117 126 163 164 193 200 201 224 225 226 234
2 20 22 34 47 75 186 187 188 189
69 95
15 31 50 69 73 83 89 91 95 111 127 143 149 153 162 165 175 179
12
15 31 50 73 77 91 104 179 224
12 15 31 50 69 73 77 83 95 104 117 126 152 163 164 179 193 224
12 15
15 31 73 77 104 162 165 195 201
31 77 95 104 117 126 164 193 200 224
31 69 77 95 104 117 126
12 15 31 50 69 73 77 83 93 95 104 111 126 127 143 163 179 224
69
31 69 77 95 104 117 126 200 224 225 226
185
2 43 49 56
167
22 33
62


2 24 87 88 89 128

2 10 24
2 24 87 88 89 124 128
2 24 87 88 89 123 128
1 2 17 28 61 63 64 71 94 115 134 148 159 223 232
22 103
1 10 18 22 29 103 140 158 227
112 116 230
30 89 181 236
22 51
198
129
22 66 84 184
84 183

122
192
105 109 228
110
67 105 156 161 172 180 228 229
22 66 122 166
178
2 19 86 144
22 66 84 121 151 184

1 3
3 16 53 72 120 150 196 233
19 22 74
157
72 120 196 220 233
3 14 72 107 120 155 199 203
1 2 28
155 199 203
19 26 196
1 3 7 16 17 23 72 120 196 220 233
106
90
71 82 232
45 71
65 71
147
68 71
63 71 232
1 2 17

89 181
2 39 41 55
36 76 136 194
2
44 78 142 197
41
9
22 48
2 5 17 22
1 6 10 18 22 29 107 130 158 176
6 10 22 102 125
1 2 6 10 19 22 29 34 102 114 132 190
1 10 18 29 79 158
11 118

















1 2 17
231
